25	212625281	212626674
29	200244450	200253041
22	84007222	84008354
21	70894407	70897146
15	211712467	211718771
7	202204481	202212021
19	214144387	214146778
26	215294739	215296297
3	5027130	5068705
29	47548818	47549941
3	35656892	35666141
12	228779487	228782225
10	225416271	225420813
26	199784793	199835239
20	199093796	199262355
5	181417109	181418317
32	177989461	177990945
28	227438736	227440247
30	228812517	228816269
15	163915533	163917071
29	159428462	159438144
10	152855287	152857235
31	151677134	151685619
16	230576628	230580289
5	110756363	110759664
25	234117830	234120795
27	234349280	234357655
11	244353545	244355012
4	243382842	243394708
26	202667406	202670282
7	199488425	199489541
32	61732093	61735957
20	15402847	15423112
10	35482364	35514250
13	25392210	25398468
18	167843192	167847882
14	20473599	20477546
32	17760550	17775885
23	12431530	12456055
16	176730214	176738117
17	178211524	178338610
6	179871788	179878664
17	242705151	242728100
20	208325276	208370942
31	186838019	186914210
14	202589558	202621867
24	189616237	189638488
4	188102143	188145217
22	72249809	72255233
4	71376291	71406307
32	188264680	188318734
23	190472655	190481687
11	190837330	190838734
23	191147324	191154968
31	109490837	109556481
33	45568702	45680850
6	189726451	189888415
28	119030780	119183750
9	197808393	197812030
9	199345711	199348566
28	237533073	237537732
3	232572811	232576481
11	219281512	219282616
11	218985638	218989402
10	161574673	161581055
24	68349987	68354587
19	71077666	71079337
9	152777660	152779607
9	76942605	76962938
3	150480555	150490330
23	150056233	150063393
32	112793533	112796480
13	85012152	85013886
9	86476779	86479953
6	87493441	87507691
2	88055598	88075192
20	8931993	8934309
7	103519977	103523370
14	103418204	103427873
16	94176826	94277133
21	91208825	91215100
20	87847397	87854193
16	96069014	96078021
9	82665083	82672074
22	103211383	103321085
7	27644596	27817946
27	54350989	54363910
16	70248382	70339569
28	66851605	66853397
15	66601844	66603938
24	64960097	64965173
33	65943589	65944594
8	62539115	62542475
34	167874342	167880013
19	4647597	4650890
5	27534822	27604238
33	28980482	29012343
31	30258715	30260927
10	210913883	210921385
2	38622926	38624937
18	39343798	39351119
20	209516178	209520373
6	204766250	204775640
16	200200378	200203268
32	200182977	200188892
14	198924789	198934596
23	189590608	189597774
17	47835937	47837606
21	171075068	171076391
9	47947454	47950514
15	49701076	49721593
19	181054074	181063378
19	53401403	53403119
34	54140841	54142318
17	54385957	54387727
33	54832635	54842574
16	55296572	55298884
32	176821807	176827109
14	56500834	56504268
7	58494898	58505638
32	174503382	174506423
11	165025361	165033674
4	164170586	164180398
16	58568421	58575196
3	244464557	244465606
7	95563395	95593001
11	151981612	151983167
17	50272848	50321811
19	41236609	41250124
11	29708903	29740480
7	28580390	28611219
8	196887052	196896230
3	24667583	24687729
26	203284665	203286029
31	247149254	247173069
28	218603932	218616389
20	234325435	234344750
26	235408376	235439423
11	245087740	245090824
22	213780044	213802218
31	206299457	206323920
18	191243080	191271509
12	192265651	192266862
20	177836523	177850224
16	173313035	173361029
6	163808794	163826002
19	83074867	83076972
34	118721481	118726986
4	2043376	2045793
9	215210747	215282228
8	33224970	33224970
28	118733253	118733253
28	9599480	9609584
26	9748873	9780074
7	170952312	170991363
10	197378049	197380463
25	215356748	215360951
22	219812673	219820232
21	197215222	197223208
11	229602207	229609275
8	232770219	232774658
5	243505832	243509159
29	38414624	38417452
1	177220369	177243352
14	84668621	84670569
19	85683879	85687990
26	15149071	15151883
15	102096209	102098748
25	221083948	221090227
15	206840755	206884716
5	64615315	64624133
12	107023241	107025005
21	8105171	8111872
16	15361772	15362873
29	47486248	47501675
23	43868287	43878235
29	14337190	14339036
25	29205353	29235370
25	54427443	54436306
28	57722008	57723439
17	225721186	225750747
23	92004649	92005921
22	39184116	39184116
25	196023411	196024627
13	79405655	79409914
8	104670836	104673009
8	6725208	6725208
9	14157047	14159051
4	55478495	55478495
26	35395258	35395258
6	24083423	24083423
24	218144279	218144279
17	217228234	217228234
25	211781124	211781124
26	173173530	173173530
15	112636628	112639206
19	148936576	148940308
29	150643334	150657076
5	153084977	153149168
4	39150888	39157686
7	156491449	156503686
25	104426511	104431824
21	45941452	45941819
2	212889557	212889975
25	46015346	46024503
3	24768045	24774830
31	98326518	98333214
29	69768614	69775243
14	142097726	142099955
9	237141880	237146096
14	199903347	199934485
1	182411618	182425419
28	162647580	162655215
24	82494275	82494275
4	88745413	88745413
23	2795967	2837348
20	48494706	48496264
24	98282476	98284000
30	152347532	152351311
16	166693627	166695474
17	184050339	184051921
16	188319283	188320503
11	193069200	193074564
28	202154269	202156525
33	209435916	209437112
8	228199169	228200503
10	34849389	34851786
19	208540737	208628704
1	43466652	43468133
33	65813532	65816494
31	119383460	119390866
29	93008619	93014050
29	85314628	85618837
10	118228296	118547581
4	34100866	34183579
25	79286032	79358240
10	101756396	101757520
25	111551934	111587587
26	107691171	107700129
10	110831091	110838240
18	36376607	36389324
19	11295225	11320952
7	11633148	11636150
16	63254630	63258935
25	212919913	212922145
9	53591521	53592861
32	97283457	97284450
8	44259986	44425691
1	27029262	27193580
12	18154502	18361688
24	111588918	111596256
28	14551787	14593526
9	23183977	23211560
22	235632471	235633076
3	5872056	6045644
29	30478922	30514243
7	227089316	227097121
15	224413180	224417019
29	6717817	6720271
32	219119246	219120395
7	223471574	223593401
11	223154547	223319897
10	55496405	55497788
27	44544896	44720377
5	23317319	23321760
22	23682227	23683902
2	232016517	232019178
12	78781032	78973179
22	28810774	28820198
22	59901614	59924564
28	150346613	150350663
11	28437053	28444819
22	26999996	27023596
15	25961529	25965424
25	107175823	107206654
6	12066125	12263549
8	72869688	72887793
34	59099890	59263763
7	91563464	91573795
1	81660005	81669334
17	86513349	86514535
3	88089816	88098295
22	203765769	203767389
9	66030426	66041654
15	192717156	192721514
16	164635080	164638013
12	156993464	156994771
17	173466974	173468519
13	177511282	177512932
16	183276164	183278578
24	158929056	158941968
7	154996956	155003668
25	117682003	117683406
10	15128849	15133915
34	186805826	186807091
22	203444971	203445653
10	117811591	117815812
26	191781794	191782684
21	148945534	148947612
34	192905254	192905573
33	245006479	245012644
31	111777127	111784755
8	64449736	64548984
26	220210400	220214380
14	72954200	73079758
9	195882014	195968848
34	168048630	168151810
28	155440245	155442221
15	155978387	155980396
14	156308318	156309570
10	167270838	167278445
27	157278956	157283420
7	43689996	43706276
21	216312055	216313369
1	198365160	198371615
32	167114988	167155209
32	158418318	158419818
15	164097752	164106356
33	90592580	90755887
2	198774133	198863600
14	207188300	207192596
28	117968996	117970228
14	38856803	38859937
12	30806384	30806693
18	60081647	60085454
31	28950199	28952457
18	9089163	9197219
3	30812981	30814475
13	83027351	83030913
9	3749765	3751122
34	7778984	7787527
14	8500203	8503822
14	215385218	215391277
18	9685183	9688695
12	67780356	67781651
30	30895173	30897439
12	15373466	15383249
6	71621625	71710282
15	43142818	43143142
20	21300656	21303960
4	77104310	77107021
18	22472667	22481250
7	33643387	33649647
1	62425508	62430564
11	89029966	89133108
20	32891848	32896738
4	4025643	4027279
3	194526471	194685639
23	23763647	23767838
27	23876065	23879493
3	31449037	31450756
7	24831331	24839597
7	188925052	188954476
6	53418151	53497027
22	188700036	188762630
32	215701253	215854656
22	110703607	110704378
30	46586130	46592914
15	77605023	77606390
3	43864440	43866796
33	99768413	99937227
12	108013196	108216400
23	92441870	92578217
28	204186230	204407370
7	50257596	50260873
11	39561057	39562375
24	7637194	7638277
6	51798132	51802312
21	25318097	25336438
2	30117823	30118894
13	41171348	41172556
27	58913802	58915189
17	171535047	171748780
21	173496254	173673926
33	15888573	15967903
8	58927985	58929843
17	59878705	59879763
11	188981294	189134568
30	49313712	49320229
29	172131569	172132666
15	197295301	197365481
16	174402368	174405158
22	10374377	10382186
14	145950785	145952082
34	101781132	101787166
22	104219709	104221299
21	197320763	197365481
31	190183066	190185283
13	162527361	162589049
1	185860265	185863517
6	1836883	1849258
23	61855212	61856548
26	63477718	63480984
22	96259130	96260923
12	244713848	244715221
22	95526143	95527418
29	205938851	205940118
11	81432727	81434147
29	142643380	142645745
3	5267544	5414367
18	10561191	10565784
15	80093606	80345333
33	108590772	108591939
32	187884674	187886002
34	162113502	162171777
21	100214457	100216125
12	75852969	75855022
13	204924040	204925806
21	109217748	109267586
6	205888722	205894247
24	95294768	95298755
30	33249021	33251399
11	77017115	77065340
15	105055522	105057756
15	222427007	222446632
16	109583560	109627659
22	236030820	236032341
22	109606169	109620053
9	244481439	244482616
25	80567218	80567966
11	31493043	31494148
14	22954610	23135997
14	87409982	87412646
6	53773478	53774667
23	67565850	67568162
33	57320489	57321642
28	10491480	10493788
31	22798842	23016810
30	185379909	185393300
8	210722750	210723884
3	24392934	24396261
21	174297609	174457198
22	231322487	231474039
25	151940298	151959872
3	8128717	8131908
18	40740139	40743009
14	5785939	5788850
7	182046713	182052162
9	24387442	24398896
14	32960946	32974405
24	220451720	220456149
18	33251590	33252709
17	33252784	33259556
15	81853674	81892460
6	32221830	32224443
14	81293960	81306628
30	245357754	245436952
27	151569690	151607803
25	150529970	150550238
10	109298377	109299668
5	177597151	177599938
7	61853831	61856325
33	106110789	106116611
15	213560092	213565727
28	8668859	8812827
23	216484875	216489763
33	37714745	37826968
10	67485262	67607550
22	8338735	8344018
31	78421855	78432177
26	193280600	193285922
4	244095685	244103915
7	193204702	193213877
8	40738766	40742251
8	53261038	53262328
29	185564993	185567314
1	92351832	92357103
5	166355739	166358038
32	15665011	15683808
13	172735904	172836399
34	233747162	233752430
3	142206285	142356882
8	146097096	146106370
22	179007836	179046936
22	231303195	231308213
6	202581978	202583639
4	17548480	17550349
21	37196734	37198627
27	151954284	151960688
3	190183023	190185251
23	87409982	87412646
17	116778663	116791664
27	101784062	101786303
17	1020714	1049928
12	56603682	56607644
24	173695580	174027375
6	73367621	73367621
21	244806258	244808278
2	213558856	213567706
17	222450467	222712973
19	149010116	149059240
10	174849961	174881366
21	179013423	179032334
8	78421079	78433560
18	196569006	196582349
4	73364824	73373402
9	65769214	65807086
16	32949046	32968932
22	178539031	178540561
5	236817115	236819235
5	186138955	186152482
4	26328474	26341412
21	26327011	26355920
17	205013599	205035920
27	243893607	243899266
19	242068461	242083987
22	242050461	242082242
26	233638783	233662862
26	233174054	233201574
26	65946538	65951791
30	12641798	12645771
4	119814298	119815334
20	79607654	79649623
28	56603427	56607840
25	76720632	76792185
18	226112371	226170404
32	172735904	172836399
16	224093029	224145538
31	22372117	22379438
10	22374433	22379438
16	32135537	32184713
24	243736331	243761706
8	224891964	224899927
3	224894661	224899927
32	226101754	226104747
11	3567200	3710699
2	202581889	202583716
18	177595331	177611528
24	17548102	17549701
14	5795529	5868138
9	173713206	174176624
22	8125994	8276744
6	145312377	145315276
34	52078423	52187326
8	238420692	238424260
21	240381977	240396437
2	172077265	172222566
2	151551932	151588145
10	89285439	89292763
19	202036514	202067049
22	221681361	221698668
22	186206616	186213763
4	196571017	196577117
3	187117397	187233979
4	5189627	5459265
14	164064590	164078353
17	105755519	105783414
27	8810828	8839227
18	216484143	216490228
7	36392726	36659675
8	193271678	193285727
29	52898603	53061769
15	240091721	240399582
24	92129369	92352263
10	14167192	14242955
12	96297173	96303501
8	100132243	100270930
22	200743271	200813724
30	202036514	202053826
24	52141200	52314287
2	238382242	238384030
6	52961730	53163533
23	178395125	178602163
10	176916511	176924899
17	76720632	76792574
22	187001959	187149660
30	72394051	72429646
34	150547363	150551253
5	22777075	22778172
25	149031900	149039294
3	120689195	120697970
23	79607654	79649623
7	9455825	9462280
33	9457890	9462280
2	36442938	36447154
4	40161162	40168129
28	97814308	97823244
29	79866149	79873901
17	40794272	40801210
16	77070546	77077991
7	39957320	40079485
28	65946974	65950272
1	182051688	182228470
4	162168880	162330459
15	230815723	230817765
26	183587975	183591244
5	243724288	243730142
26	224124005	224127026
33	244386105	244445616
30	244438719	244452757
16	222646692	222655996
34	121059540	121087887
25	210992869	210994734
7	75774808	75805744
29	81805674	81979888
25	33093188	33152695
34	33128510	33136682
18	33557214	33592721
31	33569141	33592721
25	37729963	37747866
9	37961428	37965124
26	37963212	37965124
32	40794563	40799336
21	97680297	97873732
30	105056321	105057888
9	244095202	244182625
23	53691140	53801824
17	205908611	205913262
8	65796348	65803176
10	221694997	221711029
33	243890225	243890225
22	174857914	174871187
29	22777074	22777074
8	210766559	210770545
19	225210349	225211383
17	193204702	193209527
33	102341511	102341511
20	17488383	17488383
29	205358968	205360051
10	53308066	53315381
33	116781171	116781171
23	164052127	164078353
24	108826536	108827814
8	183559820	183612394
12	222267589	222270400
8	225209564	225211604
9	162504226	162530434
30	15669395	15681459
17	33248869	33251543
3	166604693	166609973
14	63477954	63480744
6	10561191	10565784
8	37196592	37198618
7	75613443	75621564
34	75615913	75621318
1	205358882	205359997
13	15461346	15466253
27	3574901	3645396
25	14177669	14244987
22	34193283	34697183
28	120436583	120493487
5	34314311	34379570
20	17467179	17486396
27	15458200	15466253
16	59819356	59822221
33	120614627	120615785
16	95268437	95475714
27	16000067	16027694
16	226838030	226840255
10	226838004	226840229
34	120616494	120619167
33	83172925	83336614
15	26801797	26846117
30	16024928	16028010
3	120619212	120621580
11	200910134	200935187
16	142645790	142648614
17	142653784	142654816
5	143001289	143002711
27	26843119	26881991
13	121186440	121186645
29	53261152	53304705
3	26840153	26884491
22	121184933	121185222
15	143180903	143182946
17	120712250	120734056
27	89249037	89251025
9	113343812	113343812
12	160743792	160745458
21	5733711	5836208
33	204922611	205124381
21	79994371	79995618
4	228502361	228506879
29	228502361	228510401
7	79994370	79995618
27	46125569	46133737
34	144761130	144767356
26	189983338	189992781
6	95469800	95527429
10	113251567	113304968
1	57327168	57330299
30	168634270	168653829
18	111629849	111637017
8	73454531	73483916
34	105634380	105641635
25	1142956	1147823
23	236918890	236922717
4	17325509	17357086
26	73452929	73484611
9	150454544	150457364
24	166445800	166619686
6	230525214	230526874
4	145351618	145550490
18	163688498	163690794
1	164451105	164460994
31	120067972	120115614
29	113689017	113690049
24	143214424	143233902
8	144799120	144800125
9	143534835	143539333
25	116344127	116364486
30	72784816	72860746
31	164812966	164884225
7	145360178	145393985
25	104274099	104287436
2	104276563	104294811
32	104279745	104294899
12	72784767	72860767
12	67041230	67054777
34	6106679	6156160
24	31906324	31919351
21	73385687	73548272
4	46092101	46130597
10	16009070	16051776
21	190044143	190092375
23	234933459	234968987
11	113884455	113897620
8	164442179	164457262
14	194075326	194082752
7	163688616	163690699
8	143172711	143176217
23	120789515	120807513
17	6112802	6135457
26	188057595	188072141
13	193677235	193680033
11	105776578	105795754
20	83618302	83629957
26	194918455	194926884
8	194908856	194926884
33	222155539	222159164
28	113065234	113236341
25	234942894	234944946
3	145161546	145301974
21	96188339	96318702
14	57327168	57329605
15	55042239	55081197
1	31773326	31802980
21	121186433	121186651
18	153473679	153480482
19	6111938	6247065
19	6508456	6570177
24	153448723	153450569
6	153412761	153422551
12	109370160	109380182
31	111625374	111636507
34	143327178	143527303
31	107458928	107464933
33	59799705	59844580
21	102144927	102189681
30	144872494	144936477
6	77011006	77075473
14	107455508	107511243
33	163684150	163692160
15	55620561	55743716
12	20270133	20315058
5	55074266	55076209
10	17482320	17493999
13	107285151	107642406
9	164758503	164917609
21	111631018	111633814
10	12666629	12668261
21	234943600	234944946
12	245782621	245795585
18	200834012	200990829
14	168581705	168679916
11	164810166	164868402
20	210714766	210909726
8	191892800	191900885
17	3117044	3216520
16	108516143	108525759
12	22776986	22777082
4	105627084	105751839
24	233427940	233835001
33	161153719	161159900
7	161153719	161156130
22	114068341	114072796
33	236918783	236920133
9	109374706	109376814
20	12665988	12669219
10	121143962	121184913
28	121057269	121058981
7	121055666	121057655
25	116030772	116034602
1	241849136	241850633
22	152022707	152040053
18	152020349	152040053
3	152018763	152040053
3	43831639	43832473
17	58516230	58517638
31	105635582	105647162
17	197705327	197706985
23	145128642	145136068
11	230524960	230527081
17	121185923	121186957
6	20279673	20283272
19	1291956	1292956
30	199479459	199483771
11	120349939	120352967
20	199479459	199483771
22	20280768	20281961
21	189986050	189988086
8	187448048	187505288
1	157915081	157916524
2	185731223	185733352
25	221998034	222013704
24	185733098	185733577
27	224467789	224555449
13	168638027	168647104
21	144787864	144791608
18	164453091	164458301
17	224490195	224555449
20	197705075	197707100
32	141477029	141479031
2	224490195	224555449
18	161154043	161156130
8	197705368	197706854
11	199479459	199481377
10	55625575	55633149
8	33251560	33259567
22	46266047	46273580
5	46266047	46275423
32	241849361	241850384
16	58516462	58517525
6	193676328	193682368
18	53296492	53340309
5	55625575	55627403
27	59816510	59830867
14	67054777	67066651
12	157915303	157916336
25	8313475	8332259
32	67054777	67066731
32	72793831	72856809
1	8313475	8318147
14	81048766	81052898
28	81038591	81052898
7	109217748	109270231
22	43778515	43844653
20	43777867	43844653
24	189983668	189993306
12	102138728	102207718
9	89248672	89251662
2	114245635	114247761
22	241849280	241850608
7	228484969	228508873
14	55074411	55078004
34	102138728	102203222
28	58516483	58517588
31	236918884	236920062
32	40288983	40307654
17	230525218	230526873
13	157915204	157916305
18	83495639	83512991
5	208869521	208902064
4	61886378	61891818
7	208887499	208900726
21	8313475	8346097
12	54861486	54879213
13	208885992	208916934
34	83512991	83545170
5	226822360	226824562
30	77547001	77551196
9	22004531	22009931
22	226822368	226824562
24	243916718	243929845
12	243916718	243919011
21	236769991	236771595
4	208788882	208791631
1	14309627	14311615
13	234668946	234848562
13	157221997	157253192
18	226821095	226823309
31	243919011	243929845
1	153923318	153938196
5	153920459	153940133
22	153468579	153471710
13	10405039	10406535
25	144272574	144273821
23	211072687	211076120
15	216263960	216270552
2	197040336	197042136
17	234668946	234854412
16	230661638	231445842
26	142121960	142123252
8	111732439	111735827
25	13646732	13649228
34	2315869	2362949
27	238459622	238461407
18	31850649	31861070
21	38901325	38909786
31	142122059	142123319
29	208893959	208893959
17	142122066	142123239
16	902141	903171
34	75859509	75891203
9	83390056	83393630
11	205608619	205612231
28	104136060	104142502
27	6421414	6437921
2	111732439	111734674
27	10677007	10678784
20	22004545	22009930
3	31507427	31508721
3	31811117	31858544
27	232979290	233023542
9	220441317	220449363
16	54864861	54868556
9	106378678	106621321
22	108604493	108654504
28	108779753	108791889
7	120189801	120207516
7	120332743	120432023
10	143034396	143164104
16	119553635	119874484
17	221917641	222211132
14	234728137	234728137
23	205608658	205612259
11	75866822	75894326
21	10642232	10673019
13	236170616	236174729
6	238459926	238461331
4	185839646	185847926
29	111732439	111735827
29	193514061	193570098
7	38907229	38909659
14	3476986	3500493
15	106616366	106619049
18	185839646	185842009
13	185839646	185847926
19	187261219	187295821
24	187294778	187295821
2	191929899	191976819
1	188236966	188251966
10	232979290	233024501
26	157227761	157233914
3	220441317	220449363
14	216269067	216273113
3	211069443	211080005
3	188243174	188250190
23	236757562	236767971
16	187510791	187513215
3	208788878	208793886
29	205607052	205612772
20	150910842	150912972
17	61886002	61892933
11	113839225	113847608
1	105915479	105915479
17	144746063	144750307
22	157227938	157232827
30	142702981	142706562
29	77547001	77551196
15	144746063	144750307
8	2366114	2370109
29	106021418	106209345
14	241228887	241325042
34	121180116	121184934
11	121176554	121185357
29	121056661	121061611
30	220441714	220447786
4	113841108	113847610
25	31757297	31765936
28	197040309	197041904
20	188225729	188261835
3	10404835	10406590
6	195244422	195436395
5	105936885	105938440
14	143026080	143111804
31	28550978	28565842
16	208788822	208791691
20	10628678	10640184
13	28545309	28555082
13	14309659	14311526
25	38901188	38910242
10	75855996	75929574
17	227888902	227894006
9	77547602	77561050
3	244473769	244807567
33	114609082	114610154
24	238459364	238461616
30	106580566	106647676
24	10628678	10640184
18	211071638	211077059
30	61886594	61890775
22	14308680	14311417
26	114609082	114610154
11	157227826	157233464
16	28550541	28558787
14	14309425	14311766
23	193489203	193653520
4	197040372	197042037
13	6379059	6494762
6	187293847	187297986
8	89184656	89333311
24	106562085	106683105
28	28536220	28568097
17	77547460	77552420
16	17279980	17415709
30	54864862	54868555
31	153927851	153929981
19	57288465	57408242
28	61884829	61892114
25	205608586	205612187
31	31504561	31513729
33	10405068	10406366
19	188236989	188253049
32	200767732	200948830
26	111730660	111734750
21	193433534	193547047
17	38901191	38908792
12	208788866	208791764
9	54864797	54876172
16	191927641	191976999
30	197040116	197042300
9	234670834	234848562
30	232875926	233058352
33	235190798	235198134
33	238182648	238183496
12	156785563	156788016
11	153461604	153464086
23	156786829	156788016
31	156783977	156788016
12	40324735	40326380
25	229387089	229388566
8	235198734	235212541
3	40324944	40326227
7	102439976	102600918
27	210992052	211073020
28	208646146	208687402
12	84483817	84488581
14	208670753	208680239
28	7494050	7610646
14	191898151	191976819
27	21626890	21679151
23	232385061	232386598
18	150949332	151005850
32	81175575	81183857
11	194121185	194122648
3	194099918	194101609
3	185981956	185991078
17	238169675	238226384
4	229793717	229894664
9	237974043	238374770
9	120192437	120335637
17	194157865	194287158
20	194119842	194138918
20	153455784	153467684
3	232384422	232386460
29	3437263	3441178
25	153502429	153508303
11	1217419	1221793
8	6421414	6514591
28	13635361	13652864
12	245867714	245869829
21	21610807	21671935
17	238429482	238461503
18	229779593	229880456
5	156783620	156787041
28	83274363	83403829
14	188046088	188052547
32	160619569	160620836
6	116961521	117004368
18	81177360	81183598
25	84484742	84488508
10	84484595	84488456
24	102420526	102767806
30	86173303	86177711
10	153511518	153514946
30	194254531	194288166
18	144692908	144701906
9	194168299	194454288
34	144653806	144655104
19	1574409	1574409
8	142720009	142804543
24	166291201	166292360
20	116961521	117005074
20	166291198	166292371
3	105952402	105953553
33	84484350	84488681
8	94060781	94064085
19	86175057	86177084
29	86173636	86176916
10	94060963	94063847
10	10665089	10977734
8	86175057	86177084
12	2188917	2300053
14	21654568	21666231
6	13609314	13610512
34	22019664	22073585
20	120902013	121013322
34	142122088	142293439
34	208671369	208679147
28	166291183	166292356
14	141481781	141482849
15	232939949	233194586
14	229778112	229875338
13	229718014	229879757
11	94060954	94063617
6	229387543	229388566
11	208670753	208674614
28	229387089	229388566
25	232330965	232487226
25	208670753	208680239
34	229385301	229389962
15	229385301	229388566
33	6411974	6587990
13	21755407	21762222
7	21761927	21762973
13	141479777	141482609
22	115525218	115969481
33	165430710	165432984
26	94020344	94065496
17	81154388	81195935
28	185972752	185990377
34	116927828	117128034
28	21722520	21923069
19	3431124	3446731
5	40311292	40504667
32	232385234	232386448
30	185982727	185989155
2	160241240	160344771
29	232385268	232386370
12	120568788	120671324
29	165434173	165447752
21	229691383	229982619
29	120067972	120249992
7	46125487	46279011
24	185912515	186021648
33	116966438	117076198
20	150938629	151001420
32	115529471	115870562
13	153511518	153514946
28	191897200	191976819
22	153502429	153508303
4	156783977	156788016
4	84484558	84488532
32	86173388	86177299
34	102428272	102622567
27	81177315	81183618
30	116970419	117005075
5	115681450	115686021
32	109268856	109463759
1	102401197	102635435
31	235195958	235197963
10	237974043	238365582
6	166290929	166292593
16	94060904	94063940
27	235198138	235199582
1	2610167	2612535
33	220362590	220524936
13	2600428	2606129
19	194140966	194286966
8	2130121	2146222
3	2594341	2598916
6	2574506	2576192
20	223746768	223748078
17	146219746	146221065
4	236552164	236554542
29	194070767	194111012
13	451683	456934
33	142690296	142785224
11	226561413	226623411
10	226530871	226612865
11	195766887	195770144
19	7492154	7493366
11	13393618	13404463
1	144183242	144186098
4	160506331	160539290
28	9246497	9319247
15	9243828	9319247
16	113412863	113415317
33	9240988	9334995
13	2613789	2622864
9	102223324	102569407
23	236508584	236714485
16	108727420	108778174
24	120866130	121013322
28	7492405	7494002
6	183081352	183087407
22	183081367	183087422
8	109169467	109173397
28	109168396	109173634
9	41129367	41147030
13	41119815	41147030
26	41116195	41156425
30	148088263	148119731
28	150449799	150453775
15	109169467	109178806
32	187978794	188036884
24	45257	76166
15	3265009	3326060
20	72519167	72523215
10	143605384	143606731
4	2145626	2314237
17	2062347	2242269
13	9238434	9327280
2	113411786	113417817
20	9250000	9311805
25	40276366	40331835
11	120874363	120992603
23	165220490	165446966
27	222001843	222429786
8	223698027	223743205
25	234615497	234618190
29	160575903	160578607
3	144145847	144147262
21	183081113	183087451
15	82851559	82950167
32	193522550	193846835
7	154792346	154795797
19	41119815	41147030
15	154793094	154795835
32	187353840	187356191
22	75759492	75960336
26	1214136	1215179
27	241125523	241131051
25	154793347	154795578
8	241125523	241131051
25	3262923	3284832
3	2136826	2253748
8	144183079	144185322
21	2109693	2194650
7	41119815	41147029
33	113409780	113416967
32	226530871	226748372
4	226530871	226684711
19	82898546	82900157
23	226522770	226684711
7	241128682	241130779
7	82898294	82900447
23	225986684	226034561
9	55871	68941
34	246614567	246614567
25	225986684	226024214
26	225986684	226002385
27	234615726	234617969
11	225979097	226034561
29	141477000	141482467
10	195767143	195769906
32	225979097	226002385
12	109169467	109173397
1	187353840	187356191
27	165430385	165447415
14	105839003	105851606
11	143597874	143600167
30	154793352	154795558
23	195738086	195778020
12	82898546	82900157
15	150452330	150453772
5	183065293	183101199
3	165432538	165443534
34	165431430	165459990
26	109169550	109173449
31	82898511	82900299
24	150915469	150924163
22	150449799	150453775
14	150445059	150453878
22	154793297	154795636
3	234615682	234618090
33	82898564	82900175
7	141883055	141884073
23	109142222	109184766
34	223731617	223734100
15	246622617	246632953
9	195767131	195769894
8	183081366	183087422
10	234615724	234617963
33	25561644	25566191
16	3383352	3412874
33	3392376	3409387
6	3401600	3419129
29	154793347	154795578
11	13566138	13587686
25	108619360	108728242
7	234615709	234617952
15	234615726	234617969
3	195767139	195769897
3	183081355	183087405
25	150915736	150923166
13	236550923	236552911
13	146273899	146275557
5	195767107	195769966
6	113412759	113415300
21	1213473	1215506
31	120874363	120992603
13	105969819	106016548
3	108729983	108787720
31	246673635	246676879
7	246386403	246556995
5	246634150	246634150
16	150915515	150924934
32	9255290	9316595
12	153451033	153470618
29	41119794	41149087
34	187353623	187359115
24	25031291	25034112
26	150938537	151023430
3	176926556	176940697
17	23473875	23481657
29	235190394	235199343
14	23475266	23477590
33	23473813	23485360
6	25031290	25034112
16	23467647	23480300
24	246613270	246614358
7	23466481	23483526
33	10292899	10296090
32	23474298	23477997
28	216249111	216255217
12	23475320	23480056
24	176926556	176940697
10	2612977	2615742
32	245999978	246001011
30	105966387	106000090
20	2612675	2618697
11	210537776	210539257
24	210537779	210539240
13	176926556	176940697
6	216249127	216255218
8	2607837	2613499
4	210537758	210539239
2	241108316	241252979
31	141830585	141962727
29	141822864	141963731
21	195212037	195220008
9	210537776	210539257
5	176928252	176940697
26	10595781	10719453
14	206492294	206526434
30	194097653	194138918
9	25031257	25034166
31	166061707	166456848
31	241108566	241534705
12	216248326	216257063
25	150452906	150458231
31	246909448	246912408
4	84289565	84297825
23	206510145	206521802
27	157133963	157136708
12	744068	769619
7	206492331	206521802
30	742429	789326
19	105830601	105888503
6	206512982	206521228
24	104112354	104117593
34	2573419	2579758
17	1182378	1231947
1	84289702	84297220
18	108710763	108812677
3	742429	758311
30	84290484	84297278
34	157134155	157136605
18	157134158	157136608
33	62210460	62212138
18	141732168	141749558
15	157134150	157136605
9	235190394	235199343
23	210537777	210539257
16	216249101	216255288
17	206512423	206523545
13	7492621	7494271
3	210537759	210539239
19	2573767	2580949
25	246635008	246646934
8	1794	115824
13	104112353	104118077
15	223725840	223750819
6	2577601	2599200
15	25031293	25034095
7	223725399	223752858
7	83375945	83716816
19	554340	696231
12	223731907	223752648
11	235192595	235198962
28	311662	428408
3	554340	696231
22	216248854	216255482
12	210537527	210539486
9	246636816	246639857
21	246613167	246614381
10	246682736	246685967
24	223732317	223770108
19	25031274	25034096
17	241103290	241347508
2	25031013	25034311
4	105966387	106000090
14	7492654	7494114
27	150452906	150458231
10	176926933	176940811
11	146240568	146256205
1	13317495	13340609
29	17845	167209
11	246095365	246101323
29	10297766	10301003
32	157134135	157136615
3	34875241	34877078
31	10297766	10301003
8	108593907	108752274
1	10292899	10296090
9	755964	799636
18	105827431	105882130
33	84290533	84297220
31	84290254	84297495
25	105964901	106000090
26	17845	167209
20	7492401	7494353
8	25031290	25034112
18	206510145	206563741
16	307737	415038
22	141481606	141483808
28	529118	646613
6	143665712	143666778
19	157134154	157136605
11	10627398	10782506
23	13345302	13366853
17	84290527	84297231
22	157133925	157136752
13	194097653	194138918
23	84289977	84300266
1	142646350	142720164
3	7412584	7598888
16	141663628	141759855
29	13388473	13389684
32	206365585	206526445
8	120727975	120875167
27	3142453	3323676
18	176926033	176940697
18	149599791	149671472
31	3207806	3373233
22	188037441	188042398
31	16682453	16684183
34	149585357	149611327
21	188038628	188043864
34	62214376	62215834
31	143981311	143984336
18	143864903	143883975
6	22095108	22213608
18	159686683	159694090
12	109988386	109989689
1	31743062	31747068
13	31742964	31746448
30	31742864	31749729
21	62214376	62215834
3	31734799	31749022
8	246613167	246614980
29	2579130	2604293
27	196739236	196754612
3	149599791	149679804
33	22193098	22209830
12	569355	733174
19	196740977	196743944
24	149507166	149678259
17	1639310	1640649
29	159658059	159690724
33	146219055	146242375
13	196741875	196751817
2	83101150	83780899
28	196741716	196750332
4	246906146	246907648
28	34879856	34880863
24	146216835	146259198
6	1189183	1309735
22	21608771	21815001
14	22095108	22285444
32	196738880	196754444
12	196739236	196754612
18	196740259	196765231
18	109988772	109990027
9	311662	456464
23	39997730	40433019
17	110023298	110030979
28	148041560	148087614
19	109954441	109999446
20	109970612	109994124
17	109979751	110006486
8	109982783	109999961
15	237832717	238456127
23	149603323	149664502
25	246906171	246907523
32	311662	456464
14	149595418	149678259
4	105827431	105924364
30	109988741	109992972
8	176924205	176940697
26	22180202	22205018
14	188037441	188043864
23	1083805	1283805
25	104113235	104185498
1	149599791	149671472
1	16705187	16720593
4	159678135	159718340
10	149599962	149674329
11	109988334	109993086
34	16675616	16684763
5	13420643	13621823
7	196742448	196742448
8	22182702	22213247
12	34877089	34884075
12	31744131	31744131
13	159679236	159717869
29	236079393	236792582
26	243700890	243714349
13	205765349	205817763
31	62211975	62215834
18	187294778	187394747
22	10292899	10301003
2	227883479	227886819
15	105924888	105966387
4	243703662	243712904
16	205763497	205805949
14	62209141	62223645
27	141528150	141861400
8	246632703	246638065
27	160422610	160445771
29	246933722	246942061
18	1619478	1674040
5	246701351	246702389
18	236067692	236795121
4	34862127	34887178
10	34870638	34887955
7	160422610	160440019
26	188031476	188039770
33	167488547	167514350
18	160406966	160450417
10	246687782	246702344
13	34876909	34880863
30	167493797	167507911
30	10293128	10300570
3	110033049	110041457
3	159680037	159732817
11	205803247	205814725
16	243703662	243713552
13	243703662	243714349
2	243707190	243712904
20	243707190	243714349
14	246933979	246940659
22	34867574	34883404
25	148017945	148020061
32	216247751	216282164
33	1617778	1662463
3	1483131	1637358
6	110035790	110059006
1	167500598	167508390
25	62052182	62290535
27	62210460	62214376
14	205763497	205805949
17	34876909	34880863
32	205763570	205804943
6	205784356	205807156
11	243703662	243714349
24	2605367	2619135
19	160435892	160440019
29	216247751	216282164
20	167495768	167506708
27	31738563	31760159
3	167498166	167506708
14	246210114	246213302
15	62168311	62227023
19	62210460	62214376
2	34862127	34887178
10	1610047	1674335
3	16248854	16258926
5	2394116	2440254
6	10293467	10300533
8	205764096	205817763
11	167495768	167506708
15	246933867	246939281
19	246933939	246940658
16	167495768	167506708
13	167495768	167506708
15	167495768	167506708
14	1609516	1720123
29	243703665	243713527
34	205785706	205804262
23	148081544	148133136
13	10291453	10301596
32	227879571	227882341
29	246212267	246344261
29	246760996	246767346
16	110030105	110037055
3	143612539	143618198
20	208137197	208165120
15	208142224	208160874
27	208138178	208167406
18	143612537	143618166
24	246874936	246877958
23	208143485	208163033
27	144337623	144516065
14	103907158	103930296
9	3358003	3539057
3	103995201	104014104
11	16220999	16230672
22	143607654	143612403
23	187978794	188048192
18	208144679	208152594
33	110025907	110044476
21	227879161	227887463
19	146221411	146280890
20	110019656	110058541
1	103979519	104094855
5	144339527	144479874
32	110025520	110054404
3	144337336	144458820
7	110020757	110057325
17	22019664	22200865
1	187984282	188048192
12	1452629	1683586
20	22014653	22219083
19	208142236	208154268
3	227879159	227887468
28	103979519	104094855
4	110030649	110042911
16	208144677	208152598
33	190116387	190133875
24	141726101	142096907
7	208143946	208152620
17	227878654	227887386
2	208148236	208150607
13	103904580	103930296
3	208144437	208152798
12	110025520	110054404
7	143607629	143612409
8	143673834	143791318
6	25538189	25590811
10	246865937	246869166
21	144337336	144458820
8	227878975	227887723
26	153489907	154184585
1	143673834	143791318
17	144337336	144458820
1	227878853	227886237
8	103917322	103920269
22	105946185	106025589
12	144321567	144458820
8	187715199	187809352
19	143804075	143808689
31	16928609	16957629
7	236008417	236834725
15	2478655	2526431
23	119916907	119947406
24	13101084	13223981
32	2441929	2482323
34	119924945	119929020
20	105820367	105823439
20	119924702	119956126
26	119911627	119941185
3	143804306	143808439
9	13101085	13226052
23	143631375	143791172
4	227866306	227896343
8	112490979	112506339
11	173064490	173068262
19	227873956	227891492
26	105816667	105824965
14	2476248	2527931
26	1314392	2014198
5	187967807	188077261
27	112495870	112505904
28	190102939	190134702
3	2477117	2490251
16	187615085	187810199
2	119900184	119963965
10	105817147	105825154
33	146578326	146719169
18	112496617	112512047
12	105818005	105824034
22	72528696	72536259
20	173063179	173068467
11	143607406	143612530
10	112396182	112594062
28	143612418	143618398
1	159767935	159769570
31	188003456	188086110
24	227874918	227897812
19	13101308	13110503
24	2316935	2440254
12	141482868	141905037
25	141483201	141906719
6	173064490	173068262
6	246924302	246935401
19	187617323	187810199
15	119917455	119955252
9	2322891	2440254
15	105817337	105824920
24	112491625	112512823
18	72527759	72536260
2	94923454	94925850
1	143828853	143923567
6	190065587	190107549
34	190102939	190134703
16	190102939	190134703
3	187617323	187810199
29	173063179	173068463
27	119924945	119929020
34	173064490	173067495
28	173060767	173068262
9	190102939	190133875
6	143802497	143808376
11	112487442	112516321
33	143804233	143808992
14	112491625	112512823
17	119892957	119928513
6	105820728	105823898
4	173064490	173068262
27	173063389	173068211
28	143834992	143929761
22	173064490	173068262
18	190107549	190133875
4	72528701	72535958
24	143661417	143791088
17	146323728	146326537
24	144005845	144011561
25	190107549	190134703
8	119916400	119951038
1	105817308	105825002
29	105806170	105825716
24	173064490	173068262
20	112493657	112506352
6	112497200	112498913
25	173064490	173068262
11	143804308	143808446
22	94910672	94915316
22	112493274	112506348
1	112497782	112505805
8	190102939	190142375
8	105817324	105824952
7	190095692	190133873
28	2446450	2478865
8	94906767	94924401
32	13082358	13084889
27	94904517	94926867
6	187592657	187810478
26	146442922	146462600
28	22007820	22195709
23	94904517	94925850
27	346077	623339
28	94892378	94931191
10	94901379	94927828
32	151028547	151035324
23	160355955	160643940
20	94901134	94925850
25	94904517	94925850
23	140903396	141765769
31	119873987	119937056
26	246117971	246124611
29	246117875	246124535
7	103910761	103960907
34	151027011	151036463
4	187592364	187823580
5	94910672	94925850
4	119818219	120016100
26	187593758	187719766
18	103906493	103965256
15	187584244	187835170
15	12939392	13064453
29	187584244	187803966
15	151025776	151041038
29	246676880	246713386
30	205624502	205991690
1	151026496	151036980
21	146470213	146473822
18	94903354	94927987
14	151025966	151039071
32	194070387	194386077
10	190039595	190142375
27	246118116	246124495
32	103941067	104102680
13	151027733	151036463
17	13076386	13092065
3	246116403	246124718
16	72528280	72536662
16	151030779	151033105
11	151027995	151036431
6	246118074	246124316
29	143665704	143791860
31	94904517	94925850
18	246118120	246124263
23	150776972	150819989
4	143607552	143619364
11	3278798	3538713
5	151013059	151040222
21	108534961	108538705
25	16760883	16764275
4	108535758	108539019
32	16765080	16766617
33	144244532	144458820
18	150796456	150819989
25	160343145	160612442
33	108534810	108538892
3	108528929	108541028
17	146476038	146477425
11	159887552	159901749
8	72526998	72537535
18	16760883	16764275
30	16764976	16765094
9	146862821	146905437
27	150797134	150819989
1	150797134	150819989
24	108533286	108538706
16	108534846	108538814
30	151013059	151040222
20	108534947	108538705
12	147115262	147116762
17	3284282	3497721
14	17093441	17102198
4	147981074	147984910
18	108534846	108538774
1	146476038	146477425
16	147981078	147984915
19	13245159	13429749
22	108534848	108538776
12	143606795	143618587
12	108534947	108538705
9	108534656	108538971
34	160374743	161141819
32	150803384	150819989
10	13066951	13093155
18	246904382	246948743
10	2413982	2480088
23	153361602	153581431
8	25458507	25508084
22	144594476	145164166
28	245917047	245923190
13	2436575	2488353
2	2436746	2488309
27	147595560	147599388
32	245916909	245923153
32	153361603	153541655
27	10160657	10505141
26	2394116	2480088
16	146855968	146860454
14	160331092	160626632
16	147024865	147067757
12	17081919	17124754
8	245917098	245923151
34	246713051	246795030
19	187330954	187604620
31	108514072	108541777
12	17126415	17137953
32	147593087	147700280
3	143852300	143999773
20	147913428	147927313
3	245916649	245923951
12	79841670	81616474
7	17126415	17137953
29	245916814	245923406
19	245917079	245923131
21	245916678	245943968
15	147162330	147169636
24	21566164	22039203
34	147194354	147200047
2	245917100	245923134
7	146855968	146860454
2	187513156	187915951
26	160342772	160769980
12	147018012	147022498
23	103797425	104094805
17	2575495	2619296
13	246856102	246857052
27	246815817	246863836
28	246851482	246860246
33	147119727	147298290
7	146380603	146483061
20	147018012	147022498
14	143586336	143624905
31	246804697	246862187
14	12858351	13068705
4	12859736	13074208
12	103956056	104113271
24	143586336	143624905
17	31494727	32129437
9	25518794	25536111
33	143921702	144020182
1	17118179	17127064
25	185336978	186256217
30	103905304	104102680
13	16783342	16789645
25	144308473	144724627
23	159789853	159821663
19	144308473	144724627
14	243642870	244003129
18	147920576	147979384
29	25510392	25559491
25	16781280	16786714
34	25482036	25536138
4	16908818	16923823
25	246794551	246863305
13	17097845	17126415
15	25488723	25521045
20	25463365	25536785
19	25457932	25537445
5	143782866	143815877
16	144036453	144068323
1	13081670	13249634
16	2316935	2543484
11	105816477	105864416
9	16781677	16788232
32	25465715	25534592
15	16887326	16890262
27	144036453	144068323
13	147980066	147986333
12	25462081	25537088
27	105861577	106036917
31	143993758	144053415
9	144023135	144072602
5	17067742	17134834
22	159831257	159913343
13	25445605	25544725
11	25445605	25544725
10	147972372	148007267
20	159777717	159884140
34	150839696	150852631
21	159831229	159913394
5	144076115	144077671
1	144073256	144077969
30	16240911	16242802
5	25464374	25555299
26	17087300	17322088
19	159777717	159884140
23	111187872	111189246
2	144073244	144077969
27	150824684	150828032
22	144073252	144077969
15	16240911	16245711
30	144074795	144077969
21	31454967	32238918
26	103907158	104131400
11	246711567	246857031
10	150835102	150847144
13	159778034	159906183
3	25415444	25562767
22	25456642	25611481
22	16239140	16261898
1	25415444	25562767
30	16891008	16926528
33	16235588	16259904
17	16222299	16244484
26	16240718	16251918
6	16891707	16908818
15	246794522	246875051
1	16213047	16242802
15	143791479	143903675
13	16213047	16240990
15	144071446	144077829
7	144005452	144068232
12	187320829	187745063
20	16236614	16262379
25	159761845	159845486
3	159749902	159832916
16	25465073	25570393
16	144543331	145858228
8	17054365	17237613
2	17049946	17153536
21	150822589	150838890
12	16220999	16240911
24	225946739	226872832
13	144106312	144458820
19	16220999	16242802
18	16235848	16256942
1	159777717	159905010
25	16240911	16253169
8	16219044	16242802
24	16220999	16240911
15	159745304	159912627
28	16213047	16253169
26	159758182	159899278
16	147507662	147509945
10	111180773	111182243
25	150822589	150853342
23	146780429	147056085
13	150822167	150854366
24	159761664	159913448
18	150821592	150854502
7	150821805	150855544
30	150822330	150853218
23	16219044	16249418
21	103907158	104144421
20	16738731	16782708
33	150823073	150852905
5	150821800	150850302
22	16882158	16885348
34	111142680	111180501
17	16882144	16885334
29	16795829	16882680
28	147017157	147217833
28	159730122	159940306
2	16795829	16882680
26	12959729	13300692
12	111173167	111180501
30	120068836	121047873
27	103762947	104253525
22	147955478	148102904
26	147495710	147509945
19	144061077	144091155
15	72539171	72584228
25	111180501	111184586
18	72538666	72584696
34	72538468	72585667
20	77822	1008567
6	72538693	72586954
23	72539171	72584228
29	72538803	72584603
19	72538850	72584609
32	72541504	72583736
24	111180501	111184586
4	147495710	147507662
14	72540340	72579542
16	16884242	16896887
30	72540340	72550161
17	72540340	72561278
32	144061077	144091155
16	72539082	72584229
2	72542017	72549855
27	147484617	147505129
17	105789056	105959460
16	111142680	111187872
6	111175886	111194582
30	111180501	111189246
19	111176350	111189246
7	111170391	111193633
31	111179088	111189749
8	111180501	111189246
32	111180121	111189600
29	111173115	111196092
34	144041631	144087434
29	144052078	144080861
17	143790285	143900899
33	111180501	111189735
3	147907267	148087465
9	111173167	111189246
1	111180501	111189246
13	113048153	116500791
18	111178296	111190290
20	112958658	116542895
3	111180501	111187872
14	111180501	111189246
4	111176350	111189246
8	246693541	246897164
11	72536983	72595974
8	159745305	160346951
34	377	988150
14	195004814	195025053
9	72536354	72588822
26	108420397	108898201
18	16878776	16925145
28	16759150	16869758
26	150796456	150857766
3	150816580	150875096
4	246662304	246884005
24	12811295	12814713
12	246754133	246932000
32	159672939	159890629
24	150810642	150869600
17	150812266	150866359
8	150816580	150875096
30	159669654	159933356
17	144005888	144097032
27	159610879	159948176
16	12783336	12790824
24	16660169	16806982
21	16880179	16998245
9	245916096	246352064
31	245916096	246344261
25	72535216	72592133
10	144002313	144162829
7	195059832	195062807
34	147467750	147484617
26	16847039	16955830
21	72515916	72587612
28	72507579	72595782
20	246768571	246944046
24	702445	1697636
29	12793914	12802740
1	72507579	72595782
31	72514984	72698844
22	245819830	246442693
24	12768450	12805683
27	2394116	2723447
28	150720293	150927551
10	72389150	72578706
10	245781208	246343769
24	245819957	246388939
25	12783336	12802740
23	12783336	12802943
9	143597265	143807163
3	12833787	12836483
16	12834675	12836483
33	194983337	195066235
22	195148205	195186581
9	12831824	12849694
4	143900678	144104827
15	245141053	246395458
12	143900896	144083768
20	195005549	195089556
19	194983118	195078925
34	16767863	16918233
28	194986902	195080687
30	194936135	195082994
21	194984098	195075439
18	147427061	147478120
17	194988479	195081319
2	194997658	195068695
18	194936135	195082994
27	16694145	16885111
13	12815837	12871344
13	147390776	147392563
26	147404137	147421972
10	16884707	17152562
32	195092486	195133856
1	16771828	17067069
26	147305744	147311729
2	195092486	195163711
21	195092486	195160949
13	147377167	147387670
32	147305744	147311729
7	16758432	16914867
22	195089653	195133856
1	12793914	12836483
13	195089940	195168372
11	143971149	144320665
29	195089966	195153393
19	195089653	195129192
30	12783336	12836483
26	12743457	12836482
32	12758455	12836483
14	12783336	12836483
18	147305744	147331145
19	12756840	12836483
21	12783336	12836483
7	12783336	12836483
27	195089653	195163711
1	195089653	195160949
34	147305744	147327306
15	12783336	12836482
31	12783336	12836482
18	195089653	195163711
28	195089653	195199868
34	147333923	147382788
12	12788507	12836483
7	195089652	195163711
30	195089653	195163711
20	195089653	195186771
4	12783336	12836483
17	195089652	195163711
13	147305744	147331145
8	12788507	12836483
18	12783336	12836483
10	12783336	12834675
5	12789486	12836483
25	16820714	17130584
14	16681281	16902301
20	12826587	13093905
18	147333923	147411558
32	147333923	147425688
11	12694222	12860137
3	246566732	246931997
26	147314918	147377167
17	147308446	147356586
23	16727663	17078099
28	12769531	13065155
10	194978246	195089856
22	150739463	151164777
17	246309151	246884005
19	150816893	151042150
21	147305744	147414362
17	147375745	147588154
33	246589303	247124862
1	147306690	147427061
33	195068235	195168376
4	147305744	147427061
23	147305744	147427061
19	147305744	147478120
28	147305744	147478120
33	147305744	147478120
16	147305744	147478120
20	147305744	147478120
14	195031966	195153393
16	194993072	195100122
23	194988264	195100653
6	195063101	195221853
9	195031211	195187683
27	12793128	13108493
25	195060951	195185070
4	195063101	195221853
12	194999756	195168376
34	194997796	195182982
8	194997771	195168376
24	194977757	195193635
26	195005520	195165287
31	194997771	195168376
6	12826893	13583803
5	194997771	195278200
11	195006454	195274102
11	16681281	17180745
11	147303148	147526040
33	16612540	17172314
3	147306690	147522032
3	194975846	195332697
19	16673254	17153121
15	194857460	195228425
34	12769531	13388794
12	147302889	147858378
3	16636920	17356568
23	246127582	247134313
2	12783336	13645076
14	147305744	147980523
22	12710993	13672044
9	147306690	147980523
33	12521755	13749642
24	147305744	148039974
7	147305744	148039974
15	147305744	148082160
29	146292286	147427061
27	146293282	147427061
5	146293282	147478120
8	146825987	147982309
26	142736050	144255274
10	146293282	147941416
30	146202411	147495710
21	142642781	144194710
25	146276990	147980523
22	145708347	147521567
6	146288629	148142748
31	146268901	148262603
2	146151735	148257137
